# 0 5 Mario
11121 246 154 259 180
11111 186 154 199 180
11222 275 154 290 181
11223 304 154 321 181
11212 155 154 170 181
11213 125 154 140 181
11321 335 154 353 180
11322 363 154 381 180
11323 393 154 411 180
11311 92 154 110 180
11312 66 154 84 180
11313 35 154 53 180
11417 395 275 411 300
11413 35 275 51 300
11427 395 195 413 220
11423 33 195 51 220
11521 426 239 440 256
11511 5 239 19 256
11621 425 154 440 181
11611 5 154 20 181
13001 215 120 231 135
12121 247 0 259 15			
12111 187 0 198 15			
12222 275 0 291 15			
12223 306 0 320 15 
12212 155 0 170 15
12213 125 0 139 15
12321 275 0 290 15
12322 306 0 321 15 
12323 335 0 350 15
12311 155 0 170 15
12312 125 0 140 15
12313 95 0 110 15
12511 6 0 19 15
12521 426 0 439 15
12413 35 80 50 95	
12417 395 80 410 95
12423 65 40 80 55
12427 365 40 380 55
# 10 5 Enemy
31001 5 14 21 29
31002 25 14 41 29
32001 45 21 61 29
# 20 5 Misc
/brick
20001 372 153 387 168
/coin
40001 303 99 312 114
40002 321 99 330 114
40003 338 99 347 114
/cloud
51000 390 117 405 131
52000 408 117 423 131
53000 426 117 441 131