# id	left	top	right	bottom	texture_id
[SPRITES]
# WALK
# left	-------------------------------------------
31101	6	130	22	156	10
31102	28	129	44	156	10

-31101	9	68	25	94	12
-31102	34	68	50	95	12

# right -------------------------------------------
31103	436	129	452	156	11
31104	458	130	474	156	11

-31103	82	68	98	94	12
-31104	57	68	73	95	12

# fly left / right 
-3105	10	105	26	132	12
-3106	58	105	74	132	12

3105	84	105	100	132	12
3106	132	105	148	132	12

# shell	-------------------------------------------
#normal
31105	50	139	66	155	10
-31105	106	76	124	92	12

# revive
31106	71	139	89	155	10

#shell moving
#left
31107	173	43	189	59	12
-31107	172	75	189	91	12
#center
31108	151	43	167	59	12
-31108	151	75	166	91	12
#right
31109	129	43	145	59	12
-31109	128	75	146	91	12

#shell 2
31110	222	42	238	58	12
#shell 2 moving
#left
31111	288	42	304	58	12
#center
31112	266	43	282	59	12
#right
31113	244	43	260	59	12
# revive 2
31114	311	42	329	58	12

# ani_id	sprite1_id	time1	sprite2_id	time2	...
[ANIMATIONS]
#shell
225	31105	100
-225	-31105	100
# walking left	---------------------------------- do - xanh
226	31101	100	31102	100
-226	-31101	100	-31102	100
# fly left	----------------------------------
105	3105	100	3106	100
# fly right ----------------------------------
-105	-3105	100	-3106	100

# walking right	----------------------------------
227	31103	100	31104	100
-227	-31103	100	-31104	100

#shell moving left to right
228	31107	100	31108	100	31109	100	31105	100
-228	-31107	100	-31108	100	-31109	100	-31105	100
#shell moving right to left
229	31109	100	31108	100	31107	100	31105	100
-229	-31109	100	-31108	100	-31107	100	-31105	100

#revive
230	31105	50	31106	50
-230	-31105	50	31106	50

#shell 2
231	31110	100
#shell moving left to right
232	31111	100	31112	100	31113	100	31110	100
#shell moving right to left
233	31113	100	31112	100	31111	100	31110	100
#revive
234	31110	50	31114	50
