#	list of object assets to load in this scene
[ASSETS]
question_block.txt
mario.txt
brick.txt
coin.txt
goomba.txt
cloud.txt
item.txt
koopas.txt
plant.txt
pipe.txt
hud.txt
#
[MAP]
map1-1.txt
#
[OBJECTS]
# type x y extra_settings per object type
# type: 0 = Mario , 1 = Brick, 2 = Goomba, 3 = Koopas
# 4: ####, 5: platform, 6: color block,
# 7: ?brick, 8: item
# See OBJECT_TYPE constants in AssetIDs.h

# NOTE: The item & the brick must match with each other
# coinSetting: 1: inside the brick, 0: not inside the brick


# MARIO
0	440	320

# ? Block
7	160	336	1
7	176	336	1

7	208	288	1
7	224	288	0

7	400	304	1

7	640	368	0
7	688	336	1

7	1456	352	0
7	1424	112	1

8	1056	304	1	0
8	1312	64	1	0
8	1328	64	1	0
8	1344	64	1	0

8	1456	96	1	0
8	1472	96	1	0

8	1520	112	1	0
8	1536	112	1	0
8	1552	112	1	0
8	1568	112	1	0

8	1600	96	1	0
8	1616	96	1	0
8	1632	96	1	0
8	1648	96	1	0

# Color block
6	224	352	16	48	3
6	256	320	16	80	3
6	384	352	16	48	5
6	448	320	16	80	4
6	496	368	16	32	6
6	496	288	16	112	4

6	1248	368	16	32	7	-3600	-3600	-3600
6	1280	336	16	64	7	-3600	-3600	-3600
6	1312	304	16	96	7	-3600	-3600	-3600
6	1296	128	16	32	4	-3600	-3600	-3600

6	2128	352	16	48	3	-3600	-3600	-3600
6	2160	256	16	144	3	-3600	-3600	-3600

#Platform	
#	x	y	w	h	l	begins	middles	ends
# test
#5	608	320	16	64	1	-3600	-3600	-3600
#5	848	320	16	64	1	-3600	-3600	-3600
#5	736	320	16	16	1	-3600	-3600	-3600

5	0	400	16	16	38	-3600	-3600	-3600
5	608	384	16	32	29	-3600	-3600	-3600
5	1136	400	16	16	22	-3600	-3600	-3600
5	1520	400	16	16	5	-3600	-3600	-3600
5	1648	400	16	16	36	-3600	-3600	-3600
5	2240	400	16	16	34	-3600	-3600	-3600

5	1552	384	16	16	3	-3600	-3600	-3600
5	1568	368	16	16	2	-3600	-3600	-3600
5	1584	352	16	16	1	-3600	-3600	-3600

5	1648	384	16	16	3	-3600	-3600	-3600
5	1648	368	16	16	2	-3600	-3600	-3600
5	1648	352	16	16	1	-3600	-3600	-3600

5	1488	320	16	16	2	-3600	-3600	-3600

5	2240	288	16	16	2	-3600	-3600	-3600

5	1392	176	16	16	4	-3600	-3600	-3600
5	1472	160	16	16	13	-3600	-3600	-3600


# Goomba
2	208	384	0
2	512	384	0
2	816	368	0
2	864	368	0
2	928	368	1

# Koopas
3	560	336	1
3	1312	288	-1
3	1360	288	-1
3	1408	288	-1
3	2080	336	1

# Plant
9	344	352

# Pipe
10	336	352	48	2	2
10	1776	368	32	-1	1
10	1840	352	48	-1	1
10	2240	352	48	-1	1
10	2304	368	32	-1	1
10	2240	96	192	-1	1

5	2240	352	16	16	2	-3600	-3600	-3600

#BREAKABLE_BRICK
# objTye	x	y	item: 0: normal, 1: buttonP
11	1936	384	0
11	1952	384	0
11	1968	384	0
11	1984	384	0
11	2000	384	0
11	2016	384	0
11	2032	384	0
11	1968	368	0
11	1952	368	0
11	1984	368	0
11	2000	368	0
11	2016	368	0
11	1968	352	0
11	1984	352	0
11	2000	352	0
11	2016	352	1

11	2080	384	0
11	2096	384	0
11	2080	368	0

