# id	left	top	right	bottom	texture_id
[ASSETS]
# title screen
-28027	0	0	256	226	43
# so 3 nhap nhay
-28031	257	125	299	167	44
-28032	303	125	345	167	44
-28033	350	125	392	167	44
-28034	396	125	438	167	44

-28039	0	0	256	224	44
// Mario Bros 3
-28030	295	31	477	71	44
// Super
-28035	343	0	433	34	44
// 1 dòng của cái màn
-28036	257	110	513	124	44

// Chon Players
-28037	257	265	369	305	44
-28038	382	265	494	305	44

// Số 3 sprites
-28031	257	125	299	167	44
-28032	303	125	345	167	44
-28033	350	125	392	167	44
-28034	396	125	438	167	44

[ANIMATIONS]
-28036	-28031	100	-28032	100	-28033	100	-28034	100